0.0194243500000000
0.0867299500000000
0.0734802499999999
0.0258392499999999
0.0268668000000000
0.0221145499999998
0.0110964000000000
-0.0170050500000000
-0.00951109999999999
0.0672650000000001
-0.0382994000000000
0.0553422500000000
0.0426453500000001
0.0362821000000000
0.0135805500000001
0.0304462000000000
0.0633606000000000
0.0192357500000001
0.0587313000000001
0.114847000000000
0.000536649999999957
0.00749665000000000
0.0479576000000000
0.0773063500000000
0.0120341000000001
0.0420935000000000
0.0423457500000000
0.0628850500000000
0.00734035000000002
0.0680935499999999
