41
20
95
49
27
36
84
84
27
74
44
31
71
67
99
56
81
83
54
79
67
39
96
91
84
77
95
32
78
56
84
40
25
69
19
64
26
15
60
24
11
76
66
30
51
68
91
37
97
85
49
13
97
77
90
66
58
87
28
96
38
78
39
57
22
46
48
94
21
92
68
47
46
63
16
64
39
89
50
58
42
69
91
11
11
33
44
39
70
86
12
11
71
58
91
22
71
14
26
80
58
81
91
46
30
13
92
12
38
12
87
17
17
66
82
37
56
56
58
38
48
85
40
88
11
90
69
74
27
71
68
52
71
14
67
32
43
69
78
91
36
82
34
57
61
15
99
77
24
76
73
26
35
14
61
15
66
23
99
68
13
76
17
24
87
70
10
70
99
60
40
98
42
87
60
51
76
63
47
40
41
12
95
40
57
65
73
82
24
62
85
90
96
82
24
39
96
50
57
80
28
24
63
28
90
97
98
18
60
10
85
35
73
45
72
37
12
22
56
72
67
16
24
40
25
59
45
25
18
72
84
44
97
40
64
62
67
79
85
47
83
49
52
16
20
36
21
37
99
67
76
46
11
86
47
42
21
93
84
80
79
55
68
91
28
17
44
38
57
26
86
50
90
42
19
57
54
32
79
11
60
97
72
66
22
45
26
55
59
67
72
85
43
63
80
33
12
56
75
40
73
11
68
89
27
15
34
96
33
53
30
59
37
48
83
10
92
28
54
29
49
68
72
19
86
33
73
26
30
51
64
61
13
49
33
97
86
90
65
96
62
30
20
11
89
97
71
64
91
66
42
85
70
62
89
81
68
30
63
13
13
17
35
32
88
90
20
47
97
84
40
79
48
17
89
73
10
57
72
85
66
12
71
43
64
62
42
62
92
10
44
18
73
86
63
68
87
11
41
37
22
67
81
96
76
99
59
27
86
64
32
76
61
88
28
65
98
95
22
15
46
82
23
81
78
27
30
45
23
24
63
91
45
33
48
43
79
32
30
92
37
99
49
21
99
42
76
65
11
88
72
63
40
42
14
28
11
41
79
94
74
22
99
59
51
91
47
90
42
41
73
55
18
11
27
69
43
33
61
56
69
14
34
55
38
52
41
96
42
21
82
32
66
88
28
69
86
95
65
62
