27
59
10
77
25
82
95
28
70
20
86
18
76
36
23
58
41
22
40
59
100
95
38
18
58
90
70
91
51
73
51
38
56
48
76
34
84
48
95
76
50
15
77
52
74
39
56
19
24
75
52
83
12
24
90
13
62
11
92
93
21
80
76
45
46
12
100
84
50
28
85
13
25
85
58
21
35
95
69
87
17
90
60
80
40
58
81
13
40
31
100
99
76
91
47
90
92
95
62
14
62
51
37
67
63
33
33
84
41
32
59
72
70
13
21
82
100
54
100
22
18
90
88
24
33
62
89
28
96
89
12
20
37
64
59
28
90
77
29
77
81
59
41
18
20
21
61
68
85
11
73
100
74
11
52
23
74
18
44
44
56
65
64
51
100
41
61
32
10
70
48
87
24
20
45
91
23
23
81
48
24
20
61
55
56
55
73
22
59
88
38
55
29
16
43
73
26
98
30
98
48
87
46
87
63
48
29
55
97
51
61
59
57
15
11
46
58
18
37
24
63
85
80
73
100
100
79
34
82
52
95
68
84
98
64
61
13
50
55
19
25
13
31
73
76
70
49
43
43
73
47
74
78
12
81
13
48
33
11
44
80
10
88
36
57
37
85
39
41
98
24
76
65
78
89
30
11
70
29
97
40
10
81
17
25
67
97
72
16
34
29
20
23
22
10
38
67
95
87
49
47
74
23
76
16
74
71
88
23
16
77
27
78
25
70
88
76
35
29
70
90
53
93
60
51
62
89
71
25
46
41
83
15
90
64
84
12
92
55
80
31
47
88
64
39
67
31
62
60
77
79
34
71
13
15
91
18
86
52
90
79
42
44
86
40
40
23
87
12
67
23
75
53
92
66
82
90
55
60
54
12
28
35
65
63
50
72
14
34
54
90
15
53
23
17
72
44
73
73
85
42
16
10
32
77
15
45
49
53
51
47
82
28
46
74
90
31
78
69
96
51
24
28
35
17
75
30
25
61
46
50
12
18
17
31
10
89
72
89
60
50
37
66
58
48
91
34
89
10
97
24
57
22
48
92
14
92
25
55
15
57
77
64
92
97
54
63
89
83
65
43
77
72
82
94
11
80
43
12
84
14
70
55
90
74
49
27
21
77
48
10
28
16
95
17
60
94
77
55
90
