38
11
28
76
84
45
72
99
36
89
14
79
15
90
28
24
49
92
71
40
53
54
80
42
41
17
70
96
30
56
78
63
81
72
92
85
95
15
87
28
15
38
41
13
34
75
80
32
44
73
91
17
82
89
81
46
59
99
14
75
72
31
13
96
61
95
78
24
46
23
97
97
66
12
95
56
47
93
19
14
36
27
89
89
68
92
33
73
60
91
52
51
55
71
30
93
87
75
21
61
40
27
42
49
10
24
39
46
44
55
56
96
16
36
10
18
64
98
22
45
24
87
70
76
57
62
18
55
23
41
62
27
69
66
27
28
97
26
40
61
29
85
40
11
13
67
92
29
35
79
84
66
62
89
40
96
51
88
17
84
62
90
74
64
20
13
63
40
37
21
23
42
63
86
45
72
29
20
73
96
59
14
51
66
71
68
55
34
93
36
88
61
10
83
62
57
96
86
17
89
37
51
53
18
53
43
18
24
14
35
16
43
84
78
77
95
53
94
33
25
53
40
98
90
36
51
57
42
69
61
83
35
12
22
96
96
68
94
37
14
98
13
26
44
83
43
56
83
45
66
42
24
40
92
72
35
52
44
56
56
46
24
50
40
84
91
87
35
48
16
87
52
58
55
90
76
53
47
74
32
46
38
44
16
57
45
57
71
14
93
94
23
59
96
87
78
56
34
90
47
28
72
96
20
85
15
34
71
51
89
35
81
23
30
29
12
93
10
47
51
88
30
29
85
97
45
50
16
66
92
85
98
34
46
12
29
80
14
18
64
79
95
21
72
61
31
11
76
47
54
57
34
30
20
27
49
26
71
25
32
44
84
87
64
66
73
99
37
58
14
62
72
99
70
32
12
81
89
82
96
87
79
56
42
61
30
72
21
32
68
44
16
37
95
77
91
91
98
79
65
27
23
74
37
36
30
42
55
64
55
32
35
93
59
48
85
14
56
86
52
20
72
90
69
79
41
18
69
23
69
82
27
27
55
78
63
30
21
50
48
15
39
15
18
50
36
32
62
37
20
68
37
81
47
28
50
48
43
49
97
88
81
33
41
87
45
91
42
16
82
68
99
30
85
49
65
89
30
53
73
34
68
54
70
89
76
46
33
74
91
25
45
82
16
78
57
44
14
52
63
