40
10
53
24
29
41
72
35
83
72
96
73
38
75
98
73
67
62
25
12
71
28
10
71
81
82
90
34
45
23
10
12
29
58
69
87
88
36
72
42
11
61
92
91
72
82
78
24
76
12
51
42
98
53
40
99
33
55
42
53
46
63
51
70
45
82
48
12
26
96
53
87
22
62
38
31
57
41
82
58
49
79
12
71
64
49
78
88
34
15
50
34
56
46
59
75
79
38
44
61
30
84
94
54
11
64
95
83
76
59
55
31
37
13
21
16
15
21
70
13
19
68
65
75
70
93
69
60
74
36
75
65
33
12
87
57
75
68
52
43
73
77
64
11
41
66
91
71
90
82
20
79
71
35
56
28
70
51
25
17
30
25
33
26
83
68
35
72
56
26
44
31
89
94
40
98
40
29
52
33
27
45
67
16
60
42
17
30
11
89
50
96
97
26
39
56
76
18
10
69
60
51
48
58
93
44
13
29
96
86
62
31
23
28
80
29
36
100
54
93
27
72
87
66
93
84
40
10
97
94
21
34
66
71
97
31
48
36
40
15
18
77
72
97
32
33
19
61
46
72
45
18
14
75
49
27
82
87
97
22
66
94
65
80
54
54
52
31
57
96
26
48
17
57
19
67
22
26
76
11
53
14
84
38
28
69
87
27
52
80
26
79
44
90
71
69
14
49
23
67
98
45
71
71
93
13
31
46
31
59
96
70
54
43
49
24
30
91
84
85
47
83
44
39
29
13
47
65
15
46
76
96
26
15
84
60
51
90
13
48
96
44
67
43
44
45
15
71
67
32
18
85
18
30
31
49
54
65
18
54
80
57
27
20
100
35
87
10
14
80
25
29
26
63
39
98
35
19
98
64
93
56
61
66
29
78
16
16
59
73
50
86
33
32
76
28
14
13
47
19
96
74
12
39
77
38
57
64
12
71
48
59
60
82
40
71
94
89
33
17
83
97
68
71
29
56
23
33
62
70
78
56
95
94
55
97
80
36
58
84
27
83
51
91
54
28
63
12
30
14
82
51
77
41
50
79
19
85
94
42
78
37
54
87
30
77
18
91
86
53
41
86
13
12
10
55
91
40
79
78
14
48
69
37
10
28
51
16
34
88
89
51
15
53
42
79
49
90
100
37
