97
14
48
25
87
12
49
56
62
84
95
70
61
59
89
40
85
24
73
48
63
75
63
15
46
96
69
70
81
99
88
51
69
19
40
26
72
100
84
37
29
76
90
74
64
61
76
42
97
69
27
55
13
92
56
45
39
86
71
40
49
72
73
57
76
94
72
86
35
80
18
82
77
79
45
30
59
23
90
60
40
85
20
68
48
79
97
63
64
32
10
23
59
28
47
99
20
38
44
11
63
52
46
39
43
45
45
54
78
49
76
32
48
39
36
23
63
38
38
96
61
58
91
78
56
40
40
50
11
85
24
69
22
21
64
63
72
38
22
65
43
35
36
37
50
66
68
73
17
69
71
37
59
88
94
40
35
75
81
73
16
41
22
15
51
96
21
90
70
55
31
65
31
36
90
30
42
91
62
100
15
75
30
22
17
38
100
15
23
67
61
49
52
20
22
71
15
10
61
45
36
20
18
64
97
16
47
81
66
41
29
62
24
22
67
90
12
94
80
91
20
38
35
28
81
54
23
73
94
23
96
20
97
69
86
23
15
100
50
49
98
22
43
76
50
21
27
92
41
26
93
38
67
32
41
24
49
78
83
11
47
40
27
44
17
28
49
72
56
72
20
62
63
99
83
71
12
88
50
40
74
95
20
22
58
80
80
35
79
95
67
38
94
77
87
61
80
77
68
50
24
14
92
87
28
43
57
19
83
44
24
100
89
45
18
46
50
57
57
48
73
13
16
58
15
70
77
81
49
24
93
14
90
96
59
96
32
78
50
44
39
78
31
56
95
34
88
29
82
91
13
97
28
36
31
100
12
92
70
48
35
42
43
15
46
78
42
51
84
59
31
76
66
45
76
86
80
36
16
68
85
20
11
89
61
72
73
91
22
27
90
37
66
85
18
12
65
21
28
49
18
93
76
32
28
86
26
47
71
38
40
11
58
30
45
15
77
97
44
22
30
32
45
50
38
10
44
26
90
69
42
66
78
38
84
63
82
53
55
95
41
94
79
14
70
14
31
45
80
12
31
96
38
81
76
37
98
95
45
33
45
95
25
43
99
18
80
25
76
11
56
27
42
91
35
95
64
75
11
13
49
82
67
33
48
50
45
39
76
84
66
78
54
49
44
76
46
23
44
19
