88
23
95
15
74
57
88
50
100
40
51
15
60
20
56
51
25
77
39
81
40
45
49
27
100
82
91
63
18
93
82
93
35
25
37
18
58
52
28
70
94
85
31
14
28
55
70
36
60
36
94
50
33
89
95
88
79
79
66
14
39
99
82
70
57
30
39
16
38
97
55
50
79
54
47
96
26
39
14
94
22
84
53
88
52
95
54
56
80
88
52
23
31
24
53
16
77
67
32
38
41
32
66
24
19
97
45
46
10
44
33
99
79
93
87
86
60
55
13
24
63
49
15
68
23
28
22
40
38
99
81
93
13
60
90
86
75
96
65
19
94
10
77
74
12
17
64
11
35
94
47
39
34
58
49
28
16
35
34
32
50
82
92
50
32
32
14
42
84
78
97
54
79
30
25
20
82
20
74
100
16
14
14
77
41
21
22
19
67
64
70
63
81
41
98
57
99
53
93
35
54
37
35
87
42
35
57
26
38
15
98
69
70
63
87
10
60
53
76
33
62
98
92
53
53
27
53
43
84
86
34
94
46
94
19
46
44
24
54
20
62
67
91
40
17
66
90
89
55
39
55
19
17
10
60
91
41
78
96
91
43
73
27
54
40
78
40
55
31
21
72
98
46
79
53
47
85
52
93
36
22
66
88
95
92
30
28
50
79
69
13
69
32
100
91
69
54
61
65
29
14
47
63
13
43
53
22
19
39
73
92
100
37
88
74
50
28
64
72
33
79
90
12
16
35
45
43
45
100
74
73
42
63
63
31
67
60
17
27
80
100
87
16
45
34
80
30
93
65
33
21
25
65
56
42
14
100
50
22
87
15
93
60
73
14
93
93
63
95
29
35
99
49
22
64
34
56
74
30
46
93
33
22
61
68
50
13
91
26
74
68
54
32
60
75
88
68
32
71
55
74
28
44
88
28
93
53
95
75
64
97
60
97
22
61
70
100
99
27
34
71
93
50
55
16
64
61
95
71
82
61
100
66
50
43
37
10
15
16
80
14
92
99
50
97
62
82
15
68
34
16
37
100
73
22
29
79
48
85
65
52
90
68
85
92
68
98
73
99
89
95
40
94
28
43
93
78
42
87
86
23
19
16
39
72
41
82
58
76
40
37
57
18
92
20
62
15
32
63
70
