0.888552300000002
0.888425000000000
2.39998230000000
1.57238945000000
1.70399065000000
1.80866525000000
1.36177870000000
2.43831130000001
2.35843190000000
5.80268779999999
1.90039040000000
3.63409805000000
2.13422974999999
2.43671515000000
2.18221445000000
3.12255130000000
3.30080260000000
1.29737060000000
1.83095750000000
2.06892385000000
2.12744500000000
1.00509785000000
0.660760449999999
0.876528800000001
1.88900045000000
1.48099175000000
1.49931855000000
1.71661425000000
1.40363030000000
1.67521625000000
1.47299635000000
3.23294809999999
1.26576775000000
1.44456195000000
0.699278400000000
1.79344785000000
1.80602965000000
0.307210700000000
0.818278650000000
2.37132630000000
2.32948440000000
2.10132680000000
1.89357445000000
1.94061055000000
1.50556035000000
1.52950570000000
1.03243455000000
1.23668950000000
1.74469810000000
1.31099290000000
1.57215545000000
0.936283150000000
1.34216915000000
1.88084505000000
2.22727655000000
0.947536100000000
0.693877999999998
1.63524055000001
1.35780365000000
2.12479415000000
