55
16
58
27
91
82
31
38
47
22
54
36
20
76
84
24
42
88
12
10
13
51
21
12
45
28
20
60
66
67
44
18
90
93
57
55
79
33
19
43
29
25
51
86
92
80
30
41
82
59
96
70
21
75
21
98
68
34
44
37
53
14
37
94
39
86
35
84
13
94
11
15
54
14
44
39
46
92
47
60
87
26
39
23
39
81
71
100
28
70
54
50
16
49
27
20
97
81
58
51
84
49
45
99
19
53
83
62
82
27
98
35
25
68
100
65
31
77
28
89
54
35
63
19
62
71
56
96
91
56
85
19
30
63
61
10
71
24
75
60
91
33
100
81
10
24
53
39
66
49
51
86
68
95
100
40
24
45
58
52
22
48
17
68
17
11
26
87
100
51
78
21
80
47
68
68
68
20
32
56
20
48
48
44
47
12
63
56
59
85
85
24
33
82
49
22
29
44
42
56
86
29
43
93
40
48
29
61
63
37
62
90
99
68
37
33
84
86
68
90
97
53
68
95
93
78
87
17
30
49
17
58
95
95
31
49
81
16
23
29
77
89
70
88
41
57
39
90
27
45
43
37
21
17
78
71
48
99
19
99
48
54
49
17
86
11
38
80
97
76
54
97
50
55
64
26
56
88
24
39
89
98
32
10
63
19
88
18
29
20
11
20
48
75
80
48
24
34
25
11
52
75
66
15
55
39
89
16
25
62
61
90
90
88
47
44
10
42
16
64
24
55
81
75
12
31
84
50
18
87
68
81
99
78
99
18
45
63
28
18
55
12
66
97
56
39
73
73
58
64
75
25
38
43
71
77
67
37
57
31
54
54
97
53
16
88
33
91
92
14
37
70
58
100
49
39
52
41
41
55
27
22
62
66
24
37
12
72
20
85
55
72
24
81
85
55
67
58
26
88
42
41
12
46
63
64
73
29
44
75
21
66
46
46
99
82
83
73
31
43
67
43
75
27
96
38
55
63
87
76
79
21
98
81
16
57
25
29
25
55
29
51
78
28
22
97
97
85
56
100
13
72
51
18
30
43
32
40
16
48
54
14
89
55
38
24
69
28
87
86
87
88
75
43
63
72
34
19
75
96
33
33
81
37
35
16
19
36
79
42
57
10
38
70
43
76
44
65
50
72
