54
89
51
61
88
60
20
98
62
13
64
95
46
84
69
52
54
21
91
35
18
22
62
61
30
64
43
68
76
65
84
83
82
65
66
90
76
20
37
67
84
33
45
26
18
63
88
36
14
29
11
23
46
53
72
16
86
96
99
85
10
70
95
29
40
60
30
76
16
64
27
17
71
34
95
77
19
83
59
57
58
73
78
80
84
22
88
46
36
40
55
45
31
12
67
26
74
93
23
86
78
53
56
72
54
51
68
73
59
29
49
70
69
39
65
49
92
63
24
86
38
62
30
86
74
61
99
81
54
18
47
89
100
38
18
13
19
50
28
74
96
84
22
54
27
83
11
26
93
65
76
22
70
77
41
64
56
44
46
48
59
32
86
33
66
57
24
22
83
47
76
70
59
20
26
93
53
55
19
14
65
45
15
60
24
23
24
14
52
56
96
38
46
37
30
23
63
44
11
90
59
72
83
60
20
78
64
27
27
51
42
39
94
93
63
95
59
13
53
95
80
20
93
89
13
87
99
100
48
38
36
37
69
73
36
51
23
98
30
85
66
11
100
61
26
27
54
48
26
37
65
45
63
62
32
44
24
88
85
36
50
30
98
66
77
38
95
41
47
77
20
87
26
39
45
58
41
66
70
73
20
25
22
89
15
40
12
96
98
56
83
60
53
99
55
24
83
31
81
70
23
82
57
64
54
29
51
74
26
13
21
92
87
80
68
70
54
67
31
24
21
19
66
17
38
40
62
86
25
16
68
49
66
61
29
39
42
30
46
87
45
75
84
44
74
94
46
36
26
84
31
46
65
63
55
43
92
12
35
91
18
53
81
27
76
27
12
45
95
77
18
41
15
40
91
73
11
54
96
49
59
61
35
99
24
68
48
86
11
36
97
36
69
78
14
69
54
54
10
93
92
19
30
45
73
86
40
65
41
75
53
27
34
64
22
27
22
49
71
58
59
92
94
85
26
32
85
95
27
88
71
90
31
96
41
36
72
87
98
56
99
24
53
78
15
42
85
62
83
85
59
36
22
31
12
32
100
50
41
59
68
79
43
28
54
12
81
86
16
85
37
88
89
74
100
65
82
63
23
100
85
55
87
38
13
21
12
51
39
56
87
80
22
29
21
36
80
79
51
61
