47
49
85
83
70
18
26
59
52
55
23
53
34
77
88
22
10
74
37
86
93
25
38
30
65
72
22
26
62
97
99
73
67
58
73
72
77
49
19
24
46
89
59
53
29
13
39
77
12
31
63
28
30
94
49
76
28
34
98
47
50
19
42
41
78
65
76
33
69
18
71
97
35
65
39
98
17
37
26
96
95
28
25
57
89
41
36
81
18
97
53
81
11
53
49
64
95
23
32
96
11
61
16
36
97
100
14
47
60
44
93
54
89
50
97
38
40
88
38
10
81
20
47
23
69
45
28
38
43
98
13
91
66
61
11
39
75
60
61
11
48
53
17
25
43
44
89
84
14
45
67
81
34
93
20
96
55
35
83
70
40
87
100
43
55
10
82
35
64
95
52
13
34
65
23
39
22
30
59
50
73
12
60
37
73
14
66
27
57
58
50
97
66
59
44
28
52
12
14
31
68
35
64
73
64
30
97
30
16
39
38
78
70
22
91
91
43
85
20
82
39
32
60
73
85
79
70
93
59
19
26
10
52
21
45
35
91
25
82
24
32
43
47
28
27
47
94
75
66
58
59
53
96
15
67
84
53
37
39
40
82
48
93
16
95
41
39
95
74
53
50
20
54
34
81
80
65
67
27
95
27
66
30
79
44
63
60
14
50
94
61
30
18
71
83
32
93
48
47
83
37
57
71
40
94
33
26
72
14
33
48
88
46
79
61
39
32
34
72
49
33
56
36
71
22
63
84
94
87
57
48
96
22
72
80
78
84
10
83
33
37
80
78
55
38
75
82
100
70
70
19
62
91
44
42
45
100
61
25
49
26
89
81
97
68
19
92
51
87
57
32
64
12
39
19
95
46
37
81
27
84
42
71
17
32
16
41
76
21
69
93
59
96
77
15
25
76
25
28
80
46
73
89
52
36
91
83
21
35
13
34
50
57
56
67
93
14
91
52
43
76
32
17
21
60
76
60
13
38
14
64
25
55
24
59
93
24
62
66
23
37
85
69
35
27
36
89
66
55
50
25
21
91
76
83
57
43
38
77
77
31
56
22
77
50
81
31
39
40
14
49
46
12
27
64
42
42
38
12
42
32
37
49
37
42
70
43
48
19
21
94
32
35
18
89
49
67
17
63
95
