54
23
81
55
96
55
15
74
22
38
73
22
11
48
18
92
76
25
52
75
98
51
28
76
79
30
14
87
35
32
17
60
90
81
49
35
23
44
27
30
89
41
100
17
95
95
79
14
99
88
63
82
89
74
94
33
100
16
71
41
71
57
92
50
42
23
95
54
24
22
71
26
65
21
25
62
54
91
86
97
14
81
64
91
46
13
99
41
17
21
29
90
12
17
27
24
45
96
79
43
35
23
23
91
59
11
35
84
90
35
69
99
59
22
82
54
84
32
28
79
99
76
82
88
58
13
74
63
24
37
71
53
96
71
45
82
15
79
65
60
24
18
89
43
31
24
31
30
69
21
71
43
65
16
65
70
27
30
23
30
29
15
39
21
61
20
26
92
67
32
64
63
17
17
66
20
75
33
88
86
53
50
95
17
65
70
67
59
85
72
89
87
98
38
60
55
82
35
66
13
56
97
81
36
27
94
71
100
100
10
61
71
38
58
41
28
11
61
15
38
91
36
64
76
67
83
81
91
73
50
76
34
88
34
83
21
46
76
47
84
66
99
80
43
98
61
44
63
94
73
10
45
94
64
80
73
94
11
45
82
34
33
62
26
96
73
59
25
43
67
49
68
42
37
56
42
100
96
94
89
80
56
91
25
53
72
71
39
20
63
31
43
81
41
27
40
47
15
51
29
44
67
100
84
31
89
12
48
37
10
32
73
34
29
13
90
82
86
79
42
21
19
92
48
82
68
59
16
67
40
62
69
93
67
17
31
72
21
64
91
86
61
78
51
21
52
42
32
45
73
89
100
84
89
82
99
16
26
23
68
41
36
73
20
46
21
56
78
93
48
49
63
43
70
33
19
17
59
84
62
42
93
100
100
35
96
83
31
96
75
95
29
26
51
33
27
18
28
11
44
84
96
62
20
56
16
85
90
57
12
33
96
28
94
47
16
57
69
23
95
48
60
91
13
66
67
82
59
77
13
32
69
81
38
46
75
15
62
28
48
24
17
11
37
44
39
22
86
66
46
60
51
99
22
24
25
81
83
20
41
79
37
38
65
19
89
27
67
12
78
44
84
57
58
89
18
92
91
52
51
10
76
66
72
53
42
26
28
58
58
49
60
51
13
40
61
53
49
36
47
