19
59
27
64
44
98
57
95
24
96
78
65
74
19
15
78
98
38
55
73
58
54
45
94
46
81
56
96
37
61
18
49
60
20
18
30
65
78
21
57
11
67
93
36
20
65
63
25
17
37
21
55
20
40
71
99
17
55
23
42
80
84
68
94
21
73
47
100
50
24
82
31
27
61
13
43
15
27
76
82
49
51
23
28
39
66
93
27
98
58
27
78
71
43
30
46
75
75
16
32
58
98
41
55
73
14
98
21
14
16
90
57
66
25
11
22
35
74
76
99
72
93
28
66
84
91
72
89
100
46
94
80
72
76
59
94
58
13
37
53
67
54
32
60
55
85
53
77
46
56
12
87
17
87
65
28
70
80
23
20
49
17
61
49
46
35
16
70
26
70
58
37
30
96
86
86
41
11
66
30
93
75
89
97
86
70
20
36
22
68
52
44
21
84
19
26
12
64
70
100
21
76
80
35
19
22
28
90
79
58
59
53
10
53
98
74
78
40
30
32
52
100
26
58
83
58
95
86
73
67
51
32
18
72
50
74
46
100
22
72
43
97
93
45
10
44
95
36
37
68
17
79
98
42
70
54
72
63
70
48
83
91
67
86
26
56
18
17
98
39
51
12
62
25
74
12
85
88
38
87
42
25
35
84
61
66
33
56
94
66
38
12
83
69
92
94
40
30
36
42
20
48
99
82
76
63
72
58
19
89
49
17
76
82
54
88
84
26
34
62
78
87
71
98
13
14
80
49
21
40
36
79
50
47
34
50
53
40
73
82
16
31
41
88
52
42
86
76
89
90
60
81
25
11
84
70
58
44
52
22
29
28
47
16
42
87
44
95
12
56
99
51
46
73
27
15
55
96
44
57
45
98
99
20
18
42
44
15
48
15
58
37
26
83
65
86
69
70
46
88
91
67
55
42
24
83
27
92
76
38
24
39
14
17
71
91
30
33
78
11
76
34
66
69
18
84
92
41
12
32
37
13
15
43
15
94
91
49
27
21
20
38
46
39
34
72
58
75
82
94
37
67
23
60
87
34
49
100
18
90
37
52
58
26
13
11
68
79
47
29
72
59
96
17
48
67
52
18
31
60
52
41
94
43
100
62
90
39
14
36
22
12
99
49
62
42
39
91
68
29
